Simulation Time: 0
Waiting Clients: (29,2,4)(32,2,4)(42,2,4)(49,2,4)(8,3,1)(4,4,1)(45,5,5)(30,5,3)(41,6,5)(40,6,5)(10,7,5)(1,8,5)(11,9,2)(39,12,4)(6,12,6)(34,12,3)(48,13,2)(31,13,3)(33,15,3)(18,15,5)(26,15,6)(36,17,4)(24,18,5)(37,19,4)(28,20,2)(2,20,3)(5,21,1)(17,21,3)(3,21,6)(25,23,6)(22,23,1)(15,23,4)(47,25,5)(23,25,5)(12,25,5)(50,25,4)(21,26,2)(9,26,6)(35,28,3)(27,28,4)(13,30,3)(19,30,2)(46,32,1)(14,33,4)(16,33,5)(44,35,6)(38,36,2)(20,38,5)(43,39,4)(7,39,6)

Queue 1: 
Queue 2: 
Queue 3: 
Queue 4: 
Queue 5: 

Simulation Time: 1
Waiting Clients: (29,2,4)(32,2,4)(42,2,4)(49,2,4)(8,3,1)(4,4,1)(45,5,5)(30,5,3)(41,6,5)(40,6,5)(10,7,5)(1,8,5)(11,9,2)(39,12,4)(6,12,6)(34,12,3)(48,13,2)(31,13,3)(33,15,3)(18,15,5)(26,15,6)(36,17,4)(24,18,5)(37,19,4)(28,20,2)(2,20,3)(5,21,1)(17,21,3)(3,21,6)(25,23,6)(22,23,1)(15,23,4)(47,25,5)(23,25,5)(12,25,5)(50,25,4)(21,26,2)(9,26,6)(35,28,3)(27,28,4)(13,30,3)(19,30,2)(46,32,1)(14,33,4)(16,33,5)(44,35,6)(38,36,2)(20,38,5)(43,39,4)(7,39,6)

Queue 1: 
Queue 2: 
Queue 3: 
Queue 4: 
Queue 5: 

Simulation Time: 2
Waiting Clients: (8,3,1)(4,4,1)(45,5,5)(30,5,3)(41,6,5)(40,6,5)(10,7,5)(1,8,5)(11,9,2)(39,12,4)(6,12,6)(34,12,3)(48,13,2)(31,13,3)(33,15,3)(18,15,5)(26,15,6)(36,17,4)(24,18,5)(37,19,4)(28,20,2)(2,20,3)(5,21,1)(17,21,3)(3,21,6)(25,23,6)(22,23,1)(15,23,4)(47,25,5)(23,25,5)(12,25,5)(50,25,4)(21,26,2)(9,26,6)(35,28,3)(27,28,4)(13,30,3)(19,30,2)(46,32,1)(14,33,4)(16,33,5)(44,35,6)(38,36,2)(20,38,5)(43,39,4)(7,39,6)

Queue 1: (29,2,4)
Queue 2: (32,2,4)
Queue 3: (42,2,4)
Queue 4: (49,2,4)
Queue 5: 

Simulation Time: 3
Waiting Clients: (4,4,1)(45,5,5)(30,5,3)(41,6,5)(40,6,5)(10,7,5)(1,8,5)(11,9,2)(39,12,4)(6,12,6)(34,12,3)(48,13,2)(31,13,3)(33,15,3)(18,15,5)(26,15,6)(36,17,4)(24,18,5)(37,19,4)(28,20,2)(2,20,3)(5,21,1)(17,21,3)(3,21,6)(25,23,6)(22,23,1)(15,23,4)(47,25,5)(23,25,5)(12,25,5)(50,25,4)(21,26,2)(9,26,6)(35,28,3)(27,28,4)(13,30,3)(19,30,2)(46,32,1)(14,33,4)(16,33,5)(44,35,6)(38,36,2)(20,38,5)(43,39,4)(7,39,6)

Queue 1: (29,2,3)
Queue 2: (32,2,3)
Queue 3: (42,2,3)
Queue 4: (49,2,3)
Queue 5: (8,3,1)

Simulation Time: 4
Waiting Clients: (45,5,5)(30,5,3)(41,6,5)(40,6,5)(10,7,5)(1,8,5)(11,9,2)(39,12,4)(6,12,6)(34,12,3)(48,13,2)(31,13,3)(33,15,3)(18,15,5)(26,15,6)(36,17,4)(24,18,5)(37,19,4)(28,20,2)(2,20,3)(5,21,1)(17,21,3)(3,21,6)(25,23,6)(22,23,1)(15,23,4)(47,25,5)(23,25,5)(12,25,5)(50,25,4)(21,26,2)(9,26,6)(35,28,3)(27,28,4)(13,30,3)(19,30,2)(46,32,1)(14,33,4)(16,33,5)(44,35,6)(38,36,2)(20,38,5)(43,39,4)(7,39,6)

Queue 1: (29,2,2)
Queue 2: (32,2,2)
Queue 3: (42,2,2)
Queue 4: (49,2,2)
Queue 5: (4,4,1)

Simulation Time: 5
Waiting Clients: (41,6,5)(40,6,5)(10,7,5)(1,8,5)(11,9,2)(39,12,4)(6,12,6)(34,12,3)(48,13,2)(31,13,3)(33,15,3)(18,15,5)(26,15,6)(36,17,4)(24,18,5)(37,19,4)(28,20,2)(2,20,3)(5,21,1)(17,21,3)(3,21,6)(25,23,6)(22,23,1)(15,23,4)(47,25,5)(23,25,5)(12,25,5)(50,25,4)(21,26,2)(9,26,6)(35,28,3)(27,28,4)(13,30,3)(19,30,2)(46,32,1)(14,33,4)(16,33,5)(44,35,6)(38,36,2)(20,38,5)(43,39,4)(7,39,6)

Queue 1: (29,2,1)(30,5,3)
Queue 2: (32,2,1)
Queue 3: (42,2,1)
Queue 4: (49,2,1)
Queue 5: (45,5,5)

Simulation Time: 6
Waiting Clients: (10,7,5)(1,8,5)(11,9,2)(39,12,4)(6,12,6)(34,12,3)(48,13,2)(31,13,3)(33,15,3)(18,15,5)(26,15,6)(36,17,4)(24,18,5)(37,19,4)(28,20,2)(2,20,3)(5,21,1)(17,21,3)(3,21,6)(25,23,6)(22,23,1)(15,23,4)(47,25,5)(23,25,5)(12,25,5)(50,25,4)(21,26,2)(9,26,6)(35,28,3)(27,28,4)(13,30,3)(19,30,2)(46,32,1)(14,33,4)(16,33,5)(44,35,6)(38,36,2)(20,38,5)(43,39,4)(7,39,6)

Queue 1: (30,5,3)
Queue 2: (41,6,5)
Queue 3: (40,6,5)
Queue 4: 
Queue 5: (45,5,4)

Simulation Time: 7
Waiting Clients: (1,8,5)(11,9,2)(39,12,4)(6,12,6)(34,12,3)(48,13,2)(31,13,3)(33,15,3)(18,15,5)(26,15,6)(36,17,4)(24,18,5)(37,19,4)(28,20,2)(2,20,3)(5,21,1)(17,21,3)(3,21,6)(25,23,6)(22,23,1)(15,23,4)(47,25,5)(23,25,5)(12,25,5)(50,25,4)(21,26,2)(9,26,6)(35,28,3)(27,28,4)(13,30,3)(19,30,2)(46,32,1)(14,33,4)(16,33,5)(44,35,6)(38,36,2)(20,38,5)(43,39,4)(7,39,6)

Queue 1: (30,5,2)
Queue 2: (41,6,4)
Queue 3: (40,6,4)
Queue 4: (10,7,5)
Queue 5: (45,5,3)

Simulation Time: 8
Waiting Clients: (11,9,2)(39,12,4)(6,12,6)(34,12,3)(48,13,2)(31,13,3)(33,15,3)(18,15,5)(26,15,6)(36,17,4)(24,18,5)(37,19,4)(28,20,2)(2,20,3)(5,21,1)(17,21,3)(3,21,6)(25,23,6)(22,23,1)(15,23,4)(47,25,5)(23,25,5)(12,25,5)(50,25,4)(21,26,2)(9,26,6)(35,28,3)(27,28,4)(13,30,3)(19,30,2)(46,32,1)(14,33,4)(16,33,5)(44,35,6)(38,36,2)(20,38,5)(43,39,4)(7,39,6)

Queue 1: (30,5,1)(1,8,5)
Queue 2: (41,6,3)
Queue 3: (40,6,3)
Queue 4: (10,7,4)
Queue 5: (45,5,2)

Simulation Time: 9
Waiting Clients: (39,12,4)(6,12,6)(34,12,3)(48,13,2)(31,13,3)(33,15,3)(18,15,5)(26,15,6)(36,17,4)(24,18,5)(37,19,4)(28,20,2)(2,20,3)(5,21,1)(17,21,3)(3,21,6)(25,23,6)(22,23,1)(15,23,4)(47,25,5)(23,25,5)(12,25,5)(50,25,4)(21,26,2)(9,26,6)(35,28,3)(27,28,4)(13,30,3)(19,30,2)(46,32,1)(14,33,4)(16,33,5)(44,35,6)(38,36,2)(20,38,5)(43,39,4)(7,39,6)

Queue 1: (1,8,5)(11,9,2)
Queue 2: (41,6,2)
Queue 3: (40,6,2)
Queue 4: (10,7,3)
Queue 5: (45,5,1)

Simulation Time: 10
Waiting Clients: (39,12,4)(6,12,6)(34,12,3)(48,13,2)(31,13,3)(33,15,3)(18,15,5)(26,15,6)(36,17,4)(24,18,5)(37,19,4)(28,20,2)(2,20,3)(5,21,1)(17,21,3)(3,21,6)(25,23,6)(22,23,1)(15,23,4)(47,25,5)(23,25,5)(12,25,5)(50,25,4)(21,26,2)(9,26,6)(35,28,3)(27,28,4)(13,30,3)(19,30,2)(46,32,1)(14,33,4)(16,33,5)(44,35,6)(38,36,2)(20,38,5)(43,39,4)(7,39,6)

Queue 1: (1,8,4)(11,9,2)
Queue 2: (41,6,1)
Queue 3: (40,6,1)
Queue 4: (10,7,2)
Queue 5: 

Simulation Time: 11
Waiting Clients: (39,12,4)(6,12,6)(34,12,3)(48,13,2)(31,13,3)(33,15,3)(18,15,5)(26,15,6)(36,17,4)(24,18,5)(37,19,4)(28,20,2)(2,20,3)(5,21,1)(17,21,3)(3,21,6)(25,23,6)(22,23,1)(15,23,4)(47,25,5)(23,25,5)(12,25,5)(50,25,4)(21,26,2)(9,26,6)(35,28,3)(27,28,4)(13,30,3)(19,30,2)(46,32,1)(14,33,4)(16,33,5)(44,35,6)(38,36,2)(20,38,5)(43,39,4)(7,39,6)

Queue 1: (1,8,3)(11,9,2)
Queue 2: 
Queue 3: 
Queue 4: (10,7,1)
Queue 5: 

Simulation Time: 12
Waiting Clients: (48,13,2)(31,13,3)(33,15,3)(18,15,5)(26,15,6)(36,17,4)(24,18,5)(37,19,4)(28,20,2)(2,20,3)(5,21,1)(17,21,3)(3,21,6)(25,23,6)(22,23,1)(15,23,4)(47,25,5)(23,25,5)(12,25,5)(50,25,4)(21,26,2)(9,26,6)(35,28,3)(27,28,4)(13,30,3)(19,30,2)(46,32,1)(14,33,4)(16,33,5)(44,35,6)(38,36,2)(20,38,5)(43,39,4)(7,39,6)

Queue 1: (1,8,2)(11,9,2)
Queue 2: (39,12,4)
Queue 3: (6,12,6)
Queue 4: (34,12,3)
Queue 5: 

Simulation Time: 13
Waiting Clients: (33,15,3)(18,15,5)(26,15,6)(36,17,4)(24,18,5)(37,19,4)(28,20,2)(2,20,3)(5,21,1)(17,21,3)(3,21,6)(25,23,6)(22,23,1)(15,23,4)(47,25,5)(23,25,5)(12,25,5)(50,25,4)(21,26,2)(9,26,6)(35,28,3)(27,28,4)(13,30,3)(19,30,2)(46,32,1)(14,33,4)(16,33,5)(44,35,6)(38,36,2)(20,38,5)(43,39,4)(7,39,6)

Queue 1: (1,8,1)(11,9,2)
Queue 2: (39,12,3)
Queue 3: (6,12,5)
Queue 4: (34,12,2)
Queue 5: (48,13,2)(31,13,3)

Simulation Time: 14
Waiting Clients: (33,15,3)(18,15,5)(26,15,6)(36,17,4)(24,18,5)(37,19,4)(28,20,2)(2,20,3)(5,21,1)(17,21,3)(3,21,6)(25,23,6)(22,23,1)(15,23,4)(47,25,5)(23,25,5)(12,25,5)(50,25,4)(21,26,2)(9,26,6)(35,28,3)(27,28,4)(13,30,3)(19,30,2)(46,32,1)(14,33,4)(16,33,5)(44,35,6)(38,36,2)(20,38,5)(43,39,4)(7,39,6)

Queue 1: (11,9,2)
Queue 2: (39,12,2)
Queue 3: (6,12,4)
Queue 4: (34,12,1)
Queue 5: (48,13,1)(31,13,3)

Simulation Time: 15
Waiting Clients: (36,17,4)(24,18,5)(37,19,4)(28,20,2)(2,20,3)(5,21,1)(17,21,3)(3,21,6)(25,23,6)(22,23,1)(15,23,4)(47,25,5)(23,25,5)(12,25,5)(50,25,4)(21,26,2)(9,26,6)(35,28,3)(27,28,4)(13,30,3)(19,30,2)(46,32,1)(14,33,4)(16,33,5)(44,35,6)(38,36,2)(20,38,5)(43,39,4)(7,39,6)

Queue 1: (11,9,1)(18,15,5)
Queue 2: (39,12,1)
Queue 3: (6,12,3)
Queue 4: (33,15,3)(26,15,6)
Queue 5: (31,13,3)

Simulation Time: 16
Waiting Clients: (36,17,4)(24,18,5)(37,19,4)(28,20,2)(2,20,3)(5,21,1)(17,21,3)(3,21,6)(25,23,6)(22,23,1)(15,23,4)(47,25,5)(23,25,5)(12,25,5)(50,25,4)(21,26,2)(9,26,6)(35,28,3)(27,28,4)(13,30,3)(19,30,2)(46,32,1)(14,33,4)(16,33,5)(44,35,6)(38,36,2)(20,38,5)(43,39,4)(7,39,6)

Queue 1: (18,15,5)
Queue 2: 
Queue 3: (6,12,2)
Queue 4: (33,15,2)(26,15,6)
Queue 5: (31,13,2)

Simulation Time: 17
Waiting Clients: (24,18,5)(37,19,4)(28,20,2)(2,20,3)(5,21,1)(17,21,3)(3,21,6)(25,23,6)(22,23,1)(15,23,4)(47,25,5)(23,25,5)(12,25,5)(50,25,4)(21,26,2)(9,26,6)(35,28,3)(27,28,4)(13,30,3)(19,30,2)(46,32,1)(14,33,4)(16,33,5)(44,35,6)(38,36,2)(20,38,5)(43,39,4)(7,39,6)

Queue 1: (18,15,4)
Queue 2: (36,17,4)
Queue 3: (6,12,1)
Queue 4: (33,15,1)(26,15,6)
Queue 5: (31,13,1)

Simulation Time: 18
Waiting Clients: (37,19,4)(28,20,2)(2,20,3)(5,21,1)(17,21,3)(3,21,6)(25,23,6)(22,23,1)(15,23,4)(47,25,5)(23,25,5)(12,25,5)(50,25,4)(21,26,2)(9,26,6)(35,28,3)(27,28,4)(13,30,3)(19,30,2)(46,32,1)(14,33,4)(16,33,5)(44,35,6)(38,36,2)(20,38,5)(43,39,4)(7,39,6)

Queue 1: (18,15,3)
Queue 2: (36,17,3)
Queue 3: (24,18,5)
Queue 4: (26,15,6)
Queue 5: 

Simulation Time: 19
Waiting Clients: (28,20,2)(2,20,3)(5,21,1)(17,21,3)(3,21,6)(25,23,6)(22,23,1)(15,23,4)(47,25,5)(23,25,5)(12,25,5)(50,25,4)(21,26,2)(9,26,6)(35,28,3)(27,28,4)(13,30,3)(19,30,2)(46,32,1)(14,33,4)(16,33,5)(44,35,6)(38,36,2)(20,38,5)(43,39,4)(7,39,6)

Queue 1: (18,15,2)
Queue 2: (36,17,2)
Queue 3: (24,18,4)
Queue 4: (26,15,5)
Queue 5: (37,19,4)

Simulation Time: 20
Waiting Clients: (5,21,1)(17,21,3)(3,21,6)(25,23,6)(22,23,1)(15,23,4)(47,25,5)(23,25,5)(12,25,5)(50,25,4)(21,26,2)(9,26,6)(35,28,3)(27,28,4)(13,30,3)(19,30,2)(46,32,1)(14,33,4)(16,33,5)(44,35,6)(38,36,2)(20,38,5)(43,39,4)(7,39,6)

Queue 1: (18,15,1)
Queue 2: (36,17,1)(28,20,2)
Queue 3: (24,18,3)
Queue 4: (26,15,4)
Queue 5: (37,19,3)(2,20,3)

Simulation Time: 21
Waiting Clients: (25,23,6)(22,23,1)(15,23,4)(47,25,5)(23,25,5)(12,25,5)(50,25,4)(21,26,2)(9,26,6)(35,28,3)(27,28,4)(13,30,3)(19,30,2)(46,32,1)(14,33,4)(16,33,5)(44,35,6)(38,36,2)(20,38,5)(43,39,4)(7,39,6)

Queue 1: (5,21,1)(17,21,3)
Queue 2: (28,20,2)(3,21,6)
Queue 3: (24,18,2)
Queue 4: (26,15,3)
Queue 5: (37,19,2)(2,20,3)

Simulation Time: 22
Waiting Clients: (25,23,6)(22,23,1)(15,23,4)(47,25,5)(23,25,5)(12,25,5)(50,25,4)(21,26,2)(9,26,6)(35,28,3)(27,28,4)(13,30,3)(19,30,2)(46,32,1)(14,33,4)(16,33,5)(44,35,6)(38,36,2)(20,38,5)(43,39,4)(7,39,6)

Queue 1: (17,21,3)
Queue 2: (28,20,1)(3,21,6)
Queue 3: (24,18,1)
Queue 4: (26,15,2)
Queue 5: (37,19,1)(2,20,3)

Simulation Time: 23
Waiting Clients: (47,25,5)(23,25,5)(12,25,5)(50,25,4)(21,26,2)(9,26,6)(35,28,3)(27,28,4)(13,30,3)(19,30,2)(46,32,1)(14,33,4)(16,33,5)(44,35,6)(38,36,2)(20,38,5)(43,39,4)(7,39,6)

Queue 1: (17,21,2)(22,23,1)
Queue 2: (3,21,6)
Queue 3: (25,23,6)
Queue 4: (26,15,1)
Queue 5: (2,20,3)(15,23,4)

Simulation Time: 24
Waiting Clients: (47,25,5)(23,25,5)(12,25,5)(50,25,4)(21,26,2)(9,26,6)(35,28,3)(27,28,4)(13,30,3)(19,30,2)(46,32,1)(14,33,4)(16,33,5)(44,35,6)(38,36,2)(20,38,5)(43,39,4)(7,39,6)

Queue 1: (17,21,1)(22,23,1)
Queue 2: (3,21,5)
Queue 3: (25,23,5)
Queue 4: 
Queue 5: (2,20,2)(15,23,4)

Simulation Time: 25
Waiting Clients: (21,26,2)(9,26,6)(35,28,3)(27,28,4)(13,30,3)(19,30,2)(46,32,1)(14,33,4)(16,33,5)(44,35,6)(38,36,2)(20,38,5)(43,39,4)(7,39,6)

Queue 1: (22,23,1)(23,25,5)(50,25,4)
Queue 2: (3,21,4)
Queue 3: (25,23,4)
Queue 4: (47,25,5)(12,25,5)
Queue 5: (2,20,1)(15,23,4)

Simulation Time: 26
Waiting Clients: (35,28,3)(27,28,4)(13,30,3)(19,30,2)(46,32,1)(14,33,4)(16,33,5)(44,35,6)(38,36,2)(20,38,5)(43,39,4)(7,39,6)

Queue 1: (23,25,5)(50,25,4)
Queue 2: (3,21,3)(9,26,6)
Queue 3: (25,23,3)
Queue 4: (47,25,4)(12,25,5)
Queue 5: (15,23,4)(21,26,2)

Simulation Time: 27
Waiting Clients: (35,28,3)(27,28,4)(13,30,3)(19,30,2)(46,32,1)(14,33,4)(16,33,5)(44,35,6)(38,36,2)(20,38,5)(43,39,4)(7,39,6)

Queue 1: (23,25,4)(50,25,4)
Queue 2: (3,21,2)(9,26,6)
Queue 3: (25,23,2)
Queue 4: (47,25,3)(12,25,5)
Queue 5: (15,23,3)(21,26,2)

Simulation Time: 28
Waiting Clients: (13,30,3)(19,30,2)(46,32,1)(14,33,4)(16,33,5)(44,35,6)(38,36,2)(20,38,5)(43,39,4)(7,39,6)

Queue 1: (23,25,3)(50,25,4)
Queue 2: (3,21,1)(9,26,6)
Queue 3: (25,23,1)(35,28,3)
Queue 4: (47,25,2)(12,25,5)
Queue 5: (15,23,2)(21,26,2)(27,28,4)

Simulation Time: 29
Waiting Clients: (13,30,3)(19,30,2)(46,32,1)(14,33,4)(16,33,5)(44,35,6)(38,36,2)(20,38,5)(43,39,4)(7,39,6)

Queue 1: (23,25,2)(50,25,4)
Queue 2: (9,26,6)
Queue 3: (35,28,3)
Queue 4: (47,25,1)(12,25,5)
Queue 5: (15,23,1)(21,26,2)(27,28,4)

Simulation Time: 30
Waiting Clients: (46,32,1)(14,33,4)(16,33,5)(44,35,6)(38,36,2)(20,38,5)(43,39,4)(7,39,6)

Queue 1: (23,25,1)(50,25,4)
Queue 2: (9,26,5)
Queue 3: (35,28,2)(13,30,3)
Queue 4: (12,25,5)(19,30,2)
Queue 5: (21,26,2)(27,28,4)

Simulation Time: 31
Waiting Clients: (46,32,1)(14,33,4)(16,33,5)(44,35,6)(38,36,2)(20,38,5)(43,39,4)(7,39,6)

Queue 1: (50,25,4)
Queue 2: (9,26,4)
Queue 3: (35,28,1)(13,30,3)
Queue 4: (12,25,4)(19,30,2)
Queue 5: (21,26,1)(27,28,4)

Simulation Time: 32
Waiting Clients: (14,33,4)(16,33,5)(44,35,6)(38,36,2)(20,38,5)(43,39,4)(7,39,6)

Queue 1: (50,25,3)
Queue 2: (9,26,3)
Queue 3: (13,30,3)(46,32,1)
Queue 4: (12,25,3)(19,30,2)
Queue 5: (27,28,4)

Simulation Time: 33
Waiting Clients: (44,35,6)(38,36,2)(20,38,5)(43,39,4)(7,39,6)

Queue 1: (50,25,2)(14,33,4)
Queue 2: (9,26,2)
Queue 3: (13,30,2)(46,32,1)(16,33,5)
Queue 4: (12,25,2)(19,30,2)
Queue 5: (27,28,3)

Simulation Time: 34
Waiting Clients: (44,35,6)(38,36,2)(20,38,5)(43,39,4)(7,39,6)

Queue 1: (50,25,1)(14,33,4)
Queue 2: (9,26,1)
Queue 3: (13,30,1)(46,32,1)(16,33,5)
Queue 4: (12,25,1)(19,30,2)
Queue 5: (27,28,2)

Simulation Time: 35
Waiting Clients: (38,36,2)(20,38,5)(43,39,4)(7,39,6)

Queue 1: (14,33,4)
Queue 2: (44,35,6)
Queue 3: (46,32,1)(16,33,5)
Queue 4: (19,30,2)
Queue 5: (27,28,1)

Simulation Time: 36
Waiting Clients: (20,38,5)(43,39,4)(7,39,6)

Queue 1: (14,33,3)
Queue 2: (44,35,5)
Queue 3: (16,33,5)
Queue 4: (19,30,1)
Queue 5: (38,36,2)

Simulation Time: 37
Waiting Clients: (20,38,5)(43,39,4)(7,39,6)

Queue 1: (14,33,2)
Queue 2: (44,35,4)
Queue 3: (16,33,4)
Queue 4: 
Queue 5: (38,36,1)

Simulation Time: 38
Waiting Clients: (43,39,4)(7,39,6)

Queue 1: (14,33,1)
Queue 2: (44,35,3)
Queue 3: (16,33,3)
Queue 4: (20,38,5)
Queue 5: 

Simulation Time: 39
Waiting Clients: 

Queue 1: (43,39,4)
Queue 2: (44,35,2)
Queue 3: (16,33,2)
Queue 4: (20,38,4)
Queue 5: (7,39,6)

Simulation Time: 40
Waiting Clients: 

Queue 1: (43,39,3)
Queue 2: (44,35,1)
Queue 3: (16,33,1)
Queue 4: (20,38,3)
Queue 5: (7,39,5)

Simulation Time: 41
Waiting Clients: 

Queue 1: (43,39,2)
Queue 2: 
Queue 3: 
Queue 4: (20,38,2)
Queue 5: (7,39,4)

Simulation Time: 42
Waiting Clients: 

Queue 1: (43,39,1)
Queue 2: 
Queue 3: 
Queue 4: (20,38,1)
Queue 5: (7,39,3)

Simulation Time: 43
Waiting Clients: 

Queue 1: 
Queue 2: 
Queue 3: 
Queue 4: 
Queue 5: (7,39,2)

Simulation Time: 44
Waiting Clients: 

Queue 1: 
Queue 2: 
Queue 3: 
Queue 4: 
Queue 5: (7,39,1)

Simulation Time: 45
Waiting Clients: 

Queue 1: 
Queue 2: 
Queue 3: 
Queue 4: 
Queue 5: 

Queue 0: Simulation finished
Queue 1: Simulation finished
Queue 2: Simulation finished
Queue 3: Simulation finished
Queue 4: Simulation finished
Simulation finished